rand(3)

ans =

     664/815        717/785        408/1465  
    1298/1433      1493/2361      1324/2421  
     751/5914       694/7115       338/353   

rand(2,4)

ans =

     687/712       6271/6461       614/1265       689/4856  
     589/3737       581/607       1142/1427       407/965   

